1000101010110101
0110011010110001
1010101011101101
0000111100011000
1110110011100001
0100000111111001
1110100100001110
1110111100011011
0110001011000110
1011000001001001
1001100110101011
0110111110010000
0101011010011110
1010111100110011
0100000010000100
1100000100001110
0110100110111000
1101010101101111
0101100001000000
0111110011100010
1010100011101001
1001110010110010
0100011110010010
1000001011101001
1011001000000011
1001100100110011
1010010000101111
0000001011011001
1101001000011011
0100000100010101
0001111110011001
0010011010001011
0010110001111010
1011000111001111
0110101011100111
1000001010100100
1111010101010100
0101100100001000
1000000001000011
1011101000000101
1101110111000101
1101101110011111
1010000111010110
0010011100101001
1011010100110010
0000110011011001
0100100010111100
0111111111101100
1011111001000111
1110011100011110
0010101001010001
0100001110111110
1100000110110100
0000001101010101
0111100011111110
1000011110110110
0000110111011011
0011101100101011
0100110110100101
0100110110100101